time_div:100
thread_num:4
in_dyn_size:10
in_fixed_size:136
out_file:meme-user-topics.netrnn-gru.model
rnn_type:gru
beta1:0.9 
lr:.001 
beta2:0.999
validation_cycle:10
epoch:100001
is_cont_training:false 
bias_init_val:.1
node_size:165
cas_file:data/memes-topics.train
stop_count:50
gamma:1
crs_val_file:data/memes-topics.val
train_strategy:adam
sleep_sec:1.
no_of_minibatch_values:256
init_scale:1.
time_dist:const
hidden_size:10
Iter = 1, error = 185.50661171221495, time = 1.011s
Iter = 2, error = 180.3308044602168, time = 1.01s
Iter = 3, error = 172.92774904978884, time = 1.013s
Iter = 4, error = 172.16582371452216, time = 1.009s
Iter = 5, error = 178.76877021233864, time = 1.011s
Iter = 6, error = 174.94149216867703, time = 1.009s
Iter = 7, error = 174.65848461487437, time = 1.005s
Iter = 8, error = 172.40786280446193, time = 1.01s
Iter = 9, error = 182.46647553011724, time = 1.008s
Iter = 10, error = 183.27583268036383, time = 1.011s
The likelihood in Validation: 184.62956303483267
The MRR of node prediction in Validation: 0.0
Iter = 11, error = 183.69353515636126, time = 1.009s
Iter = 12, error = 182.40513598453407, time = 1.009s
Iter = 13, error = 181.8375323142131, time = 1.009s
Iter = 14, error = 181.23106752446245, time = 1.012s
